Real part: 
-0.184318, 0.096235, 0.050439, 0.126070, 0.131771, 0.200517, -0.055177, 0.195799, 0.077277, 0.192934, -0.004280, -0.143390, -0.365281, 0.119473, -0.248266, -0.233841, 0.176404, 0.365464, 0.225321, 0.831601, 0.684684, 0.213022, 0.893406, 0.413926, 0.573401, 0.504500, 0.695244, 0.371308, 0.231933, 0.802136, 0.620101, 0.133301, 0.388360, 0.675700, 0.285486, 0.370337, 0.362022, 0.840600, 0.647178, 0.687107, 0.432619, 0.673900, 0.478325, 0.475001, 0.302400, 0.828502, 0.676008, 0.670500, 0.391700, 0.264487, 0.324900, 0.724701, 0.890473, 0.499918, 0.287113, 0.111301, 0.508100, 0.401641, 0.390722, 0.199676, 0.279733, 0.518701, 0.476703, 0.767427, 
0.418625, 0.291844, 0.297601, 0.410549, 0.502745, 0.526324, 0.724202, 0.665496, 0.539216, 0.193503, 0.611500, 0.289830, 0.442877, 0.868201, 0.829091, 0.474431, 0.445207, 0.821852, 0.458030, 0.663015, 0.377500, 0.168357, 0.695404, 0.314607, 0.445602, 0.217953, 0.693882, 0.476608, 0.815139, 0.244000, 0.732812, 0.407100, 0.801830, 0.214882, 0.212732, 0.599203, 0.178108, 0.315200, 0.448003, 0.691500, 0.623308, 0.619575, 0.856701, 0.265809, 0.115559, 0.384212, 0.456131, 0.307333, 0.539233, 0.148162, 0.244000, 0.308000, 0.891819, 0.618568, 0.171956, 0.499102, 0.609500, 0.816003, 0.298700, 0.207688, 0.823200, 0.498699, 0.283337, 0.465401, 
0.265062, 0.870100, 0.542833, 0.179118, 0.505211, 0.634313, 0.788282, 0.842141, 0.123700, 0.872072, 0.459400, 0.893555, 0.269428, 0.201500, 0.446641, 0.164820, 0.866630, 0.209507, 0.653500, 0.835044, 0.338200, 0.340468, 0.439334, 0.836156, 0.661702, 0.130102, 0.514600, 0.674500, 0.669900, 0.891700, 0.387700, 0.261961, 0.617916, 0.510800, 0.580617, 0.458700, 0.405412, 0.394300, 0.332718, 0.130801, 0.286700, 0.395600, 0.520349, 0.497910, 0.142174, 0.223101, 0.669401, 0.125400, 0.350000, 0.455563, 0.129700, 0.156100, 0.754701, 0.143357, 0.345203, 0.263273, 0.548382, 0.872610, 0.459267, 0.614711, 0.853502, 0.496013, 0.196901, 0.894900, 
0.846877, 0.313948, 0.363791, 0.454059, 0.229702, 0.748640, 0.759719, 0.560048, 0.529344, 0.728710, 0.691405, 0.676563, 0.766274, 0.661600, 0.731366, 0.566312, 0.686169, 0.610500, 0.601817, 0.354502, 0.717300, 0.223035, 0.538522, 0.890243, 0.470234, 0.658300, 0.506209, 0.540435, 0.259800, 0.213557, 0.589028, 0.207701, 0.255316, 0.605867, 0.844500, 0.732932, 0.749111, 0.760100, 0.445414, 0.329601, 0.269701, 0.390768, 0.487519, 0.190400, 0.251805, 0.356112, 0.602500, 0.139717, 0.854948, 0.743500, 0.135532, 0.460305, 0.295680, 0.231270, 0.482600, 0.297900, 0.730829, 0.491760, 0.636707, 0.115619, 0.179977, 0.894101, 0.674568, 0.699900, 

Imag part: 
-0.309023, 0.290837, -0.039430, -0.065182, 0.193700, -0.339179, 0.364315, -0.051315, -0.273880, 0.055011, 0.044553, 0.041996, -0.171757, 0.313581, 0.034796, -0.248001, 0.667700, 0.372800, 0.334800, 0.242500, 0.242700, 0.444800, 0.546100, 0.740600, 0.575500, 0.153700, 0.673200, 0.620500, 0.242000, 0.639500, 0.204200, 0.684400, 0.237800, 0.330400, 0.838300, 0.716000, 0.122700, 0.228300, 0.591500, 0.445200, 0.655500, 0.627000, 0.592500, 0.434000, 0.149300, 0.445200, 0.339500, 0.166900, 0.246200, 0.527200, 0.196500, 0.769900, 0.452900, 0.563200, 0.541600, 0.786500, 0.734100, 0.778500, 0.725600, 0.492100, 0.654000, 0.566000, 0.313200, 0.432600, 
0.583000, 0.145400, 0.219100, 0.514700, 0.666600, 0.704900, 0.828800, 0.692200, 0.322000, 0.860800, 0.611600, 0.525400, 0.480900, 0.539400, 0.256100, 0.676500, 0.585600, 0.328200, 0.380700, 0.831300, 0.270800, 0.313900, 0.256300, 0.662000, 0.291600, 0.229400, 0.813400, 0.559000, 0.268500, 0.180700, 0.219800, 0.410100, 0.757600, 0.803900, 0.591800, 0.284300, 0.766200, 0.697600, 0.159900, 0.335100, 0.263100, 0.339100, 0.877200, 0.208500, 0.799500, 0.231800, 0.379800, 0.779600, 0.285500, 0.528100, 0.471400, 0.349900, 0.355000, 0.512600, 0.576000, 0.206200, 0.429100, 0.218000, 0.584800, 0.524700, 0.503000, 0.611000, 0.478000, 0.412900, 
0.312500, 0.308400, 0.723100, 0.234700, 0.311100, 0.893100, 0.395400, 0.185200, 0.482600, 0.460800, 0.204800, 0.402800, 0.166000, 0.684300, 0.422200, 0.125900, 0.398000, 0.838300, 0.640300, 0.420200, 0.167400, 0.575600, 0.491300, 0.798900, 0.315800, 0.739400, 0.839800, 0.130100, 0.514000, 0.612600, 0.490100, 0.529800, 0.362500, 0.884000, 0.271900, 0.337300, 0.296700, 0.354100, 0.288400, 0.300000, 0.881200, 0.476900, 0.300100, 0.160300, 0.493000, 0.453400, 0.891200, 0.212500, 0.243300, 0.771500, 0.893400, 0.151500, 0.739600, 0.162200, 0.653100, 0.153700, 0.211500, 0.619100, 0.189500, 0.430600, 0.830900, 0.813700, 0.423200, 0.225400, 
0.115100, 0.840000, 0.181600, 0.506100, 0.699500, 0.148500, 0.739700, 0.521900, 0.285900, 0.266800, 0.774200, 0.381500, 0.510800, 0.277900, 0.133800, 0.601200, 0.720700, 0.542700, 0.491400, 0.585100, 0.409900, 0.663400, 0.797100, 0.498200, 0.644200, 0.403200, 0.769900, 0.372000, 0.654700, 0.824700, 0.714300, 0.646300, 0.386200, 0.518900, 0.796600, 0.792400, 0.831800, 0.897100, 0.813700, 0.272200, 0.386800, 0.872600, 0.233900, 0.191400, 0.487800, 0.523600, 0.187400, 0.629700, 0.546100, 0.371600, 0.397000, 0.752800, 0.827600, 0.600200, 0.703000, 0.321900, 0.577900, 0.637400, 0.603700, 0.815800, 0.566100, 0.221700, 0.245300, 0.709500, 
